circumference(1.0): 6.28318
circ(2.0): 12.56636
